#data
600      -17.5956
601      -17.7164
602      -17.831
603      -17.9353
604      -18.0246
605      -18.0943
606      -18.1395
607      -18.1551
608      -18.1361
609      -18.0777
610      -17.9725
611      -17.8197
612      -17.625
613      -17.394
614      -17.1327
615      -16.8471
616      -16.5431
617      -16.2263
618      -15.9024
619      -15.5764
620      -15.2535
621      -14.9383
622      -14.6354
623      -14.3491
624      -14.0836
625      -13.8429
626      -13.6311
627      -13.4524
628      -13.3109
629      -13.211
630      -13.1574
631      -13.1396
632      -13.144
633      -13.1708
634      -13.2205
635      -13.2935
636      -13.3903
637      -13.5112
638      -13.6563
639      -13.8258
640      -14.0194
641      -14.2366
642      -14.4767
643      -14.7387
644      -15.0211
645      -15.3223
646      -15.6405
647      -15.9733
648      -16.3185
649      -16.6735
650      -17.0354
651      -17.4017
652      -17.775
653      -18.1602
654      -18.5577
655      -18.9678
656      -19.3907
657      -19.8265
658      -20.275
659      -20.7361
660      -21.2093
661      -21.6944
662      -22.1907
663      -22.6978
664      -23.2153
665      -23.7429
666      -24.2803
667      -24.8278
668      -25.3857
669      -25.9548
670      -26.5367
671      -27.1333
672      -27.7472
673      -28.4276
674      -29.2153
675      -30.1013
676      -31.0762
677      -32.1299
678      -33.2515
679      -34.4294
680      -35.6508
681      -36.9021
682      -38.1691
683      -39.4367
684      -40.6894
685      -41.9116
686      -43.0873
687      -44.2004
688      -45.2349
689      -46.1747
690      -47.0033
691      -47.7039
692      -48.259
693      -48.6496
694      -48.8757
695      -48.9564
696      -48.8994
697      -48.7113
698      -48.3976
699      -47.9638
700      -47.4152
701      -46.7576
702      -45.9977
703      -45.1432
704      -44.2031
705      -43.1884
706      -42.1119
707      -40.9885
708      -39.8358
709      -38.6734
710      -37.5233
711      -36.4099
712      -35.3593
713      -34.3989
714      -33.5571
715      -32.7694
716      -31.9566
717      -31.1253
718      -30.2822
719      -29.434
720      -28.5873
721      -27.7489
722      -26.9255
723      -26.1239
724      -25.351
725      -24.6135
726      -23.9186
727      -23.2731
728      -22.6841
729      -22.1588
730      -21.7043
731      -21.3279
732      -21.037
733      -20.839
734      -20.7417
735      -20.753
736      -20.911
737      -21.2418
738      -21.7349
739      -22.3798
740      -23.1658
741      -24.0818
742      -25.1169
743      -26.2592
744      -27.4966
745      -28.8159
746      -30.2024
747      -31.6397
748      -33.1095
749      -34.5909
750      -36.0601
751      -37.4906
752      -38.8531
753      -40.1156
754      -41.2441
755      -42.203
756      -42.9564
757      -43.5202
758      -43.9388
759      -44.2199
760      -44.3724
761      -44.4065
762      -44.3331
763      -44.1639
764      -43.9115
765      -43.5888
766      -43.2093
767      -42.7864
768      -42.3341
769      -41.8659
770      -41.3954
771      -40.9358
772      -40.5001
773      -40.1006
774      -39.7494
775      -39.4579
776      -39.237
777      -39.0971
778      -39.0182
779      -38.9718
780      -38.9557
781      -38.9672
782      -39.0034
783      -39.0615
784      -39.1385
785      -39.2312
786      -39.3368
787      -39.4519
788      -39.5736
789      -39.6985
790      -39.8234
791      -39.9448
792      -40.0592
793      -40.1627
794      -40.2513
795      -40.3207
796      -40.3664
797      -40.3835
798      -40.3668
799      -40.321
800      -40.2548
