#data
200      -2.91655
201      -2.91907
202      -2.92117
203      -2.9228
204      -2.92395
205      -2.9246
206      -2.9237
207      -2.92032
208      -2.91464
209      -2.90683
210      -2.89706
211      -2.88549
212      -2.87229
213      -2.85764
214      -2.84169
215      -2.82462
216      -2.80661
217      -2.78782
218      -2.76844
219      -2.74865
220      -2.72862
221      -2.70854
222      -2.6886
223      -2.66899
224      -2.6499
225      -2.63153
226      -2.61407
227      -2.59772
228      -2.58268
229      -2.56915
230      -2.55733
231      -2.54742
232      -2.53962
233      -2.53412
234      -2.53113
235      -2.53082
236      -2.5334
237      -2.53903
238      -2.54789
239      -2.56015
240      -2.57597
241      -2.59549
242      -2.61886
243      -2.64619
244      -2.6776
245      -2.71319
246      -2.75304
247      -2.80216
248      -2.86483
249      -2.93996
250      -3.02649
251      -3.12336
252      -3.22951
253      -3.3439
254      -3.46546
255      -3.59315
256      -3.72593
257      -3.86276
258      -4.00262
259      -4.14449
260      -4.28735
261      -4.43019
262      -4.57202
263      -4.71184
264      -4.84869
265      -4.98158
266      -5.10956
267      -5.23169
268      -5.34702
269      -5.45463
270      -5.5536
271      -5.64303
272      -5.72202
273      -5.78968
274      -5.84514
275      -5.88753
276      -5.91597
277      -5.92962
278      -5.92761
279      -5.90909
280      -5.8732
281      -5.81908
282      -5.74584
283      -5.65261
284      -5.53847
285      -5.40251
286      -5.24375
287      -5.0612
288      -4.84777
289      -4.59777
290      -4.31216
291      -3.99173
292      -3.63708
293      -3.24854
294      -2.82622
295      -2.36989
296      -1.87899
297      -1.35252
298      -0.789048
299      -0.186565
300      0.457575
301      1.1468
302      1.88545
303      2.67901
304      3.53435
305      4.46006
306      5.4669
307      6.56839
308      7.78158
309      9.12816
310      10.6359
311      12.3407
312      14.2894
313      16.5436
314      19.1854
315      22.3246
316      26.1084
317      30.7321
318      36.4464
319      43.5468
320      52.313
321      62.8508
322      74.8414
323      87.4006
324      99.3547
325      109.803
326      118.41
327      125.27
328      130.657
329      134.933
330      138.398
331      141.228
332      143.556
333      145.484
334      147.089
335      148.43
336      149.554
337      150.496
338      151.285
339      151.944
340      152.491
341      152.941
342      153.307
343      153.599
344      153.827
345      153.998
346      154.119
347      154.197
348      154.235
349      154.24
350      154.215
351      154.166
352      154.094
353      154.006
354      153.903
355      153.79
356      153.67
357      153.547
358      153.423
359      153.303
360      153.189
361      153.086
362      152.996
363      152.924
364      152.871
365      152.843
366      152.842
367      152.871
368      152.933
369      153.03
370      153.13
371      153.201
372      153.245
373      153.263
374      153.259
375      153.235
376      153.191
377      153.131
378      153.055
379      152.966
380      152.865
381      152.753
382      152.634
383      152.507
384      152.375
385      152.239
386      152.102
387      151.964
388      151.827
389      151.693
390      151.564
391      151.442
392      151.328
393      151.225
394      151.134
395      151.057
396      150.996
397      150.954
398      150.933
399      150.934
400      150.961
401      151.014
402      151.097
403      151.211
404      151.36
405      151.544
406      151.766
407      152.029
408      152.334
409      152.683
410      153.078
411      153.558
412      154.151
413      154.847
414      155.631
415      156.491
416      157.413
417      158.384
418      159.392
419      160.426
420      161.476
421      162.532
422      163.587
423      164.635
424      165.668
425      166.684
426      167.678
427      168.647
428      169.59
429      170.505
430      171.392
431      172.25
432      173.079
433      173.879
434      174.651
435      175.396
436      176.115
437      176.809
438      177.478
439      178.126
440      178.753
441      179.361
442      179.951
443      -179.473
444      -178.909
445      -178.355
446      -177.806
447      -177.26
448      -176.71
449      -176.151
450      -175.574
451      185.031
452      -174.325
453      -173.627
454      -172.851
455      -171.964
456      -170.922
457      -169.657
458      -168.068
459      -165.996
460      -163.165
461      -159.077
462      -152.738
463      -142.019
464      -122.54
465      -90.8787
466      -59.7197
467      -40.862
468      -30.504
469      -24.3951
470      -20.4888
471      -17.8287
472      -15.9315
473      -14.532
474      -13.4736
475      -12.6586
476      -12.0229
477      -11.5226
478      -11.1267
479      -10.8124
480      -10.5629
481      -10.365
482      -10.2086
483      -10.0854
484      -9.98884
485      -9.91327
486      -9.854
487      -9.80693
488      -9.7685
489      -9.7355
490      -9.70502
491      -9.67437
492      350.359
493      -9.60209
494      -9.55599
495      -9.50203
496      -9.43953
497      -9.36778
498      -9.28605
499      -9.19363
500      -9.08977
