#data
200      -2.9459
201      -2.94385
202      -2.94165
203      -2.93936
204      -2.93705
205      -2.93478
206      -2.93262
207      -2.93064
208      -2.92889
209      -2.92518
210      -2.92034
211      -2.91458
212      -2.90813
213      -2.90121
214      -2.89403
215      -2.88683
216      -2.8798
217      -2.87318
218      -2.86718
219      -2.86201
220      -2.85462
221      -2.84899
222      -2.8442
223      -2.83934
224      -2.83348
225      -2.8257
226      -2.8191
227      -2.80525
228      -2.78528
229      -2.76031
230      -2.73149
231      -2.69996
232      -2.6669
233      -2.63353
234      -2.60108
235      -2.57084
236      -2.54412
237      -2.52225
238      -2.50656
239      -2.49839
240      -2.49906
241      -2.50982
242      -2.53189
243      -2.56635
244      -2.61419
245      -2.67621
246      -2.75304
247      -2.8019
248      -2.86149
249      -2.93098
250      -3.00955
251      -3.09639
252      -3.19067
253      -3.2916
254      -3.39834
255      -3.5101
256      -3.62605
257      -3.7454
258      -3.86733
259      -3.99105
260      -4.11575
261      -4.24063
262      -4.36491
263      -4.48779
264      -4.60849
265      -4.72623
266      -4.84024
267      -4.94975
268      -5.054
269      -5.15224
270      -5.24371
271      -5.32769
272      -5.40343
273      -5.47021
274      -5.5273
275      -5.57399
276      -5.60957
277      -5.63333
278      -5.64454
279      -5.64252
280      -5.62653
281      -5.59587
282      -5.54979
283      -5.48755
284      -5.40838
285      -5.3115
286      -5.19606
287      -5.0612
288      -4.95744
289      -4.84101
290      -4.71201
291      -4.57052
292      -4.41658
293      -4.25019
294      -4.0713
295      -3.8798
296      -3.67552
297      -3.45822
298      -3.22759
299      -2.98322
300      -2.72463
301      -2.45119
302      -2.16216
303      -1.85666
304      -1.53365
305      -1.19187
306      -0.829859
307      -0.445886
308      -0.0379108
309      0.396471
310      0.860101
311      1.35635
312      1.88921
313      2.46347
314      3.08486
315      3.7603
316      4.4982
317      5.30886
318      6.205
319      7.20246
320      8.32116
321      9.58649
322      11.0311
323      12.6978
324      14.6428
325      16.9419
326      19.6979
327      23.0521
328      27.1993
329      32.4055
330      39.0192
331      47.4468
332      58.0224
333      70.6901
334      84.6217
335      98.3136
336      110.398
337      120.294
338      128.102
339      134.201
340      138.986
341      142.782
342      145.833
343      148.315
344      150.357
345      152.052
346      153.469
347      154.659
348      155.66
349      157.828
350      159.256
351      160.188
352      160.765
353      161.073
354      161.167
355      161.085
356      160.854
357      160.495
358      160.023
359      159.452
360      158.798
361      158.076
362      157.303
363      156.502
364      155.699
365      154.93
366      154.232
367      153.651
368      153.235
369      153.03
370      152.962
371      152.894
372      152.826
373      152.758
374      152.692
375      152.626
376      152.561
377      152.497
378      152.434
379      152.373
380      152.314
381      152.257
382      152.202
383      152.15
384      152.101
385      152.055
386      152.014
387      151.976
388      151.943
389      151.915
390      151.892
391      151.875
392      151.865
393      151.862
394      151.867
395      151.879
396      151.899
397      151.919
398      151.94
399      151.963
400      151.991
401      152.023
402      152.062
403      152.108
404      152.162
405      152.226
406      152.301
407      152.389
408      152.489
409      152.604
410      152.735
411      152.882
412      153.047
413      153.232
414      153.438
415      153.665
416      153.916
417      154.484
418      155.168
419      155.944
420      156.791
421      157.684
422      158.601
423      159.519
424      160.416
425      161.268
426      162.055
427      162.755
428      163.725
429      164.394
430      164.976
431      165.681
432      166.718
433      168.298
434      168.933
435      169.713
436      170.597
437      171.549
438      172.538
439      173.537
440      174.528
441      175.498
442      176.439
443      177.345
444      178.215
445      179.048
446      179.848
447      -179.383
448      -178.638
449      -177.909
450      -177.184
451      -176.444
452      -175.661
453      -174.789
454      186.25
455      -173.11
456      -172.363
457      -171.469
458      -170.37
459      -168.981
460      -167.171
461      -164.72
462      -161.246
463      -156.024
464      -147.58
465      -132.836
466      -107.266
467      -74.8494
468      -50.8431
469      -37.1993
470      -29.3439
471      -24.4663
472      -21.2259
473      -18.9595
474      -17.3125
475      -16.0811
476      -15.1407
477      -14.4109
478      -13.8375
479      -13.3829
480      -13.0198
481      -12.7281
482      -12.4922
483      -12.3003
484      -12.1429
485      -12.012
486      -11.9014
487      -11.8054
488      -11.7196
489      -11.6396
490      -11.5618
491      -11.4828
492      -11.3995
493      -11.3088
494      -11.2079
495      348.906
496      -11.007
497      -10.9094
498      -10.8019
499      -10.6849
500      -10.5588
